1756829380138 1.806336760520935 0
1756829381214 1.3948447704315186 50
1756829382313 1.0876574516296387 100
1756829383420 1.0008864402770996 150
1756829384527 0.8404355645179749 200
1756829385597 0.7793462872505188 250
1756829386779 0.8822221755981445 300
1756829387869 0.8902339935302734 350
1756829388987 0.8318576812744141 400
1756829390084 0.7529945969581604 450
1756829391210 0.5842877626419067 500
1756829391669 0.5842877626419067 500
1756829392782 0.7665741443634033 550
1756829393946 0.6946997046470642 600
1756829395072 0.6898544430732727 650
1756829396240 0.7681703567504883 700
1756829397330 0.718737006187439 750
1756829398445 0.6210138201713562 800
1756829399521 0.6988904476165771 850
1756829400613 0.5799873471260071 900
1756829401731 0.6683868169784546 950
1756829402817 0.5916978120803833 1000
1756829403248 0.5916978120803833 1000
1756829404318 0.5196794271469116 1050
1756829405396 0.5240839123725891 1100
1756829406462 0.6329373121261597 1150
1756829407539 0.5085330605506897 1200
1756829408640 0.5921980142593384 1250
1756829409729 0.5841324925422668 1300
1756829410809 0.5202234983444214 1350
1756829411914 0.5969829559326172 1400
1756829413012 0.4741627275943756 1450
1756829414099 0.49431362748146057 1500
1756829414540 0.49431362748146057 1500
1756829415667 0.5007117390632629 1550
1756829416811 0.5150106549263 1600
1756829417915 0.48603788018226624 1650
1756829419028 0.5992777347564697 1700
1756829420111 0.5240938663482666 1750
1756829421244 0.5688470602035522 1800
1756829422359 0.5581161975860596 1850
1756829423444 0.5089159607887268 1900
1756829424509 0.47460126876831055 1950
1756829425620 0.44553154706954956 2000
1756829426042 0.44553154706954956 2000
1756829427163 0.47172442078590393 2050
1756829428238 0.46741557121276855 2100
1756829429296 0.5031269788742065 2150
1756829430394 0.5094954967498779 2200
1756829431480 0.4322514533996582 2250
1756829432574 0.513515830039978 2300
1756829433668 0.47181081771850586 2350
1756829434691 0.4038071036338806 2400
1756829435830 0.45633378624916077 2450
1756829436895 0.522514283657074 2500
1756829437359 0.522514283657074 2500
1756829438419 0.3935728669166565 2550
1756829439538 0.49160683155059814 2600
1756829440682 0.4013044536113739 2650
1756829441804 0.4458412230014801 2700
1756829442942 0.3918927013874054 2750
1756829444003 0.4728180468082428 2800
1756829445080 0.3134552836418152 2850
1756829446158 0.4216611981391907 2900
1756829447281 0.4198169708251953 2950
1756829448399 0.37386786937713623 3000
1756829448846 0.37386786937713623 3000
1756829449904 0.4277724325656891 3050
1756829450999 0.470562219619751 3100
1756829452107 0.3640279173851013 3150
1756829453213 0.3199857175350189 3200
1756829454358 0.38926470279693604 3250
1756829455451 0.3405074179172516 3300
1756829456528 0.45228111743927 3350
1756829457638 0.36987683176994324 3400
1756829458738 0.32931411266326904 3450
1756829459845 0.3513883054256439 3500
1756829460286 0.3513883054256439 3500
1756829461380 0.44015049934387207 3550
1756829462472 0.39702802896499634 3600
1756829463567 0.40703701972961426 3650
1756829464614 0.3780756890773773 3700
1756829465682 0.41823825240135193 3750
1756829466746 0.29795777797698975 3800
1756829467863 0.44550585746765137 3850
1756829468990 0.4003033936023712 3900
1756829470058 0.34661340713500977 3950
1756829471127 0.3819115161895752 4000
1756829471548 0.3819115161895752 4000
1756829472643 0.3739401698112488 4050
1756829473697 0.3310699462890625 4100
1756829474802 0.3911115527153015 4150
1756829475899 0.36983102560043335 4200
1756829477011 0.37873297929763794 4250
1756829478161 0.39018768072128296 4300
1756829479290 0.36725470423698425 4350
1756829480363 0.3272344172000885 4400
1756829481456 0.3201074004173279 4450
1756829482580 0.3062777519226074 4500
1756829483032 0.3062777519226074 4500
1756829484108 0.35728904604911804 4550
1756829485225 0.3166050910949707 4600
1756829486350 0.35360968112945557 4650
1756829487425 0.3718987703323364 4700
1756829488510 0.3983190059661865 4750
1756829489580 0.2610374093055725 4800
1756829490688 0.3506123423576355 4850
1756829491818 0.34744805097579956 4900
1756829492924 0.3608933091163635 4950
1756829494049 0.3164702355861664 5000
1756829494481 0.3164702355861664 5000
1756829495562 0.40468066930770874 5050
1756829496651 0.33890414237976074 5100
1756829497737 0.32576602697372437 5150
1756829498824 0.27473145723342896 5200
1756829499919 0.30405890941619873 5250
1756829500976 0.3161758780479431 5300
1756829502059 0.31307166814804077 5350
1756829503122 0.3054831326007843 5400
1756829504188 0.26140427589416504 5450
1756829505260 0.37781333923339844 5500
1756829505687 0.37781333923339844 5500
1756829506733 0.32157793641090393 5550
1756829507812 0.31860077381134033 5600
1756829508901 0.3010362684726715 5650
1756829510005 0.40669482946395874 5700
1756829511109 0.2549123167991638 5750
1756829512172 0.30872032046318054 5800
1756829513287 0.321671724319458 5850
1756829514398 0.3117154836654663 5900
1756829515495 0.2901279032230377 5950
1756829516595 0.2836737036705017 6000
1756829517040 0.2836737036705017 6000
1756829518142 0.38646644353866577 6050
1756829519210 0.3260784149169922 6100
1756829520280 0.31476879119873047 6150
1756829521351 0.2874810993671417 6200
1756829522406 0.2555749714374542 6250
1756829523459 0.4252282977104187 6300
1756829524539 0.37737399339675903 6350
1756829525629 0.28641635179519653 6400
1756829526705 0.3544779121875763 6450
1756829527811 0.2568487524986267 6500
1756829528209 0.2568487524986267 6500
1756829529304 0.36131778359413147 6550
1756829530422 0.26203176379203796 6600
1756829531504 0.2749446928501129 6650
1756829532535 0.40869900584220886 6700
1756829533583 0.40843436121940613 6750
1756829534672 0.24895696341991425 6800
1756829535710 0.29594147205352783 6850
1756829536740 0.34539809823036194 6900
1756829537753 0.27841895818710327 6950
1756829538804 0.4102100133895874 7000
1756829539185 0.4102100133895874 7000
1756829540259 0.3327094614505768 7050
1756829541322 0.26022443175315857 7100
1756829542365 0.3455919027328491 7150
1756829543403 0.35349607467651367 7200
1756829544442 0.2933274805545807 7250
1756829545520 0.3203573226928711 7300
1756829546598 0.2668958306312561 7350
1756829547673 0.29627037048339844 7400
1756829548737 0.2943164110183716 7450
1756829549802 0.342129111289978 7500
1756829550205 0.342129111289978 7500
1756829551319 0.28721606731414795 7550
1756829552427 0.3129847049713135 7600
1756829553518 0.2795032858848572 7650
1756829554602 0.3847234845161438 7700
1756829555671 0.3054599165916443 7750
1756829556740 0.3449586033821106 7800
1756829557822 0.32521048188209534 7850
1756829558905 0.3133050501346588 7900
1756829559989 0.2551630735397339 7950
1756829561073 0.31527721881866455 8000
1756829561494 0.31527721881866455 8000
1756829562575 0.34693023562431335 8050
1756829563655 0.2831604480743408 8100
1756829564777 0.34669414162635803 8150
1756829565866 0.23180940747261047 8200
1756829566955 0.3064788579940796 8250
1756829568052 0.2907755374908447 8300
1756829569181 0.3319314122200012 8350
1756829570289 0.3208499550819397 8400
1756829571377 0.28314530849456787 8450
1756829572478 0.29495328664779663 8500
1756829572848 0.29495328664779663 8500
1756829573948 0.28568804264068604 8550
1756829575062 0.3704007565975189 8600
1756829576180 0.2703799605369568 8650
1756829577251 0.2710166573524475 8700
1756829578305 0.3573879301548004 8750
1756829579431 0.32934239506721497 8800
1756829580503 0.2802775204181671 8850
1756829581548 0.4307863414287567 8900
1756829582601 0.3242020905017853 8950
1756829583670 0.3210739493370056 9000
1756829584105 0.3210739493370056 9000
1756829585158 0.3181164264678955 9050
1756829586247 0.22578904032707214 9100
1756829587326 0.40326693654060364 9150
1756829588396 0.37064453959465027 9200
1756829589461 0.34884142875671387 9250
1756829590535 0.2888377010822296 9300
1756829591596 0.31175369024276733 9350
1756829592664 0.2939680814743042 9400
1756829593728 0.28158092498779297 9450
1756829594819 0.32814422249794006 9500
1756829595210 0.32814422249794006 9500
1756829596250 0.29401251673698425 9550
1756829597301 0.26929226517677307 9600
1756829598360 0.2843874394893646 9650
1756829599431 0.4171369969844818 9700
1756829600505 0.29069018363952637 9750
1756829601533 0.39952999353408813 9800
1756829602593 0.2914884686470032 9850
1756829603686 0.22872717678546906 9900
1756829604740 0.3371795415878296 9950
1756829605805 0.24637264013290405 10000
1756829606191 0.24637264013290405 10000
1756829607245 0.21786659955978394 10050
1756829608307 0.30626481771469116 10100
1756829609360 0.29153433442115784 10150
1756829610415 0.2912999093532562 10200
1756829611490 0.31395915150642395 10250
1756829612580 0.3080500662326813 10300
1756829613671 0.23577982187271118 10350
1756829614769 0.39425352215766907 10400
1756829615839 0.27487245202064514 10450
1756829616912 0.3225310444831848 10500
1756829617315 0.3225310444831848 10500
1756829618381 0.2832373380661011 10550
1756829619467 0.3111344575881958 10600
1756829620508 0.27587994933128357 10650
1756829621558 0.31407174468040466 10700
1756829622599 0.22249463200569153 10750
1756829623674 0.26660504937171936 10800
1756829624766 0.32087042927742004 10850
1756829625856 0.2655738890171051 10900
1756829626930 0.2400549054145813 10950
1756829628011 0.29196876287460327 11000
1756829628400 0.29196876287460327 11000
1756829629445 0.27329444885253906 11050
1756829630522 0.30906763672828674 11100
1756829631583 0.35966429114341736 11150
1756829632661 0.31543442606925964 11200
1756829633717 0.34277719259262085 11250
1756829634797 0.22189240157604218 11300
1756829635853 0.24394425749778748 11350
1756829636886 0.276902973651886 11400
1756829637927 0.3005013167858124 11450
1756829638991 0.22241131961345673 11500
1756829639384 0.22241131961345673 11500
1756829640416 0.3120909035205841 11550
1756829641507 0.35055309534072876 11600
1756829642583 0.29578620195388794 11650
1756829643636 0.38817861676216125 11700
1756829644705 0.23314975202083588 11750
1756829645752 0.19873234629631042 11800
1756829646809 0.2986243665218353 11850
1756829647856 0.2875071167945862 11900
1756829648926 0.21357041597366333 11950
1756829650037 0.36752811074256897 12000
1756829650402 0.36752811074256897 12000
1756829651420 0.2275570183992386 12050
1756829652521 0.25423842668533325 12100
1756829653653 0.2755800783634186 12150
1756829654749 0.2994474768638611 12200
1756829655845 0.23443485796451569 12250
1756829656916 0.3528217375278473 12300
1756829657969 0.39113694429397583 12350
1756829659039 0.30378320813179016 12400
1756829660131 0.23276793956756592 12450
1756829661211 0.2589092552661896 12500
1756829661625 0.2589092552661896 12500
1756829662693 0.23560452461242676 12550
1756829663765 0.32524022459983826 12600
1756829664839 0.2806089222431183 12650
1756829665912 0.2632538676261902 12700
1756829666956 0.2573574483394623 12750
1756829668035 0.3215087652206421 12800
1756829669081 0.3066816031932831 12850
1756829670151 0.27182549238204956 12900
1756829671204 0.345531702041626 12950
1756829672258 0.23428811132907867 13000
1756829672659 0.23428811132907867 13000
1756829673694 0.3056211471557617 13050
1756829674751 0.30820783972740173 13100
1756829675812 0.2785513699054718 13150
1756829676911 0.2661036550998688 13200
1756829677999 0.2809094786643982 13250
1756829679063 0.26312950253486633 13300
1756829680144 0.27937206625938416 13350
1756829681256 0.3116903603076935 13400
1756829682349 0.21694113314151764 13450
1756829683434 0.2547212541103363 13500
1756829683837 0.2547212541103363 13500
1756829684894 0.3172275424003601 13550
1756829685969 0.26124459505081177 13600
1756829687060 0.31742921471595764 13650
1756829688142 0.30478835105895996 13700
1756829689222 0.24029114842414856 13750
1756829690321 0.2881914973258972 13800
1756829691420 0.404695600271225 13850
1756829692494 0.32542213797569275 13900
1756829693612 0.26300328969955444 13950
1756829694701 0.2921667695045471 14000
1756829695146 0.2921667695045471 14000
1756829696237 0.2973557114601135 14050
1756829697324 0.2802048325538635 14100
1756829698390 0.2565945088863373 14150
1756829699489 0.25572216510772705 14200
1756829700566 0.29233187437057495 14250
1756829701658 0.2733216881752014 14300
1756829702773 0.2606857717037201 14350
1756829703864 0.24685995280742645 14400
1756829704945 0.33848878741264343 14450
1756829706023 0.19677945971488953 14500
1756829706455 0.19677945971488953 14500
1756829707538 0.3080217242240906 14550
1756829708639 0.2784414291381836 14600
1756829709694 0.24917341768741608 14650
1756829710792 0.2777911126613617 14700
1756829711888 0.3283611238002777 14750
1756829712988 0.2357407957315445 14800
1756829714088 0.3053129315376282 14850
1756829715175 0.3411051034927368 14900
1756829716262 0.21167244017124176 14950
1756829717352 0.3235062062740326 15000
1756829717766 0.3235062062740326 15000
1756829718929 0.4056560695171356 15050
1756829720072 0.18024662137031555 15100
1756829721212 0.31313571333885193 15150
1756829722319 0.2616921663284302 15200
1756829723427 0.23891562223434448 15250
1756829724530 0.25153547525405884 15300
1756829725616 0.2799609303474426 15350
1756829726663 0.26006460189819336 15400
1756829727752 0.2570464015007019 15450
1756829728841 0.2749732732772827 15500
1756829729237 0.2749732732772827 15500
1756829730322 0.21231752634048462 15550
1756829731400 0.27580177783966064 15600
1756829732469 0.30291512608528137 15650
1756829733541 0.2362586259841919 15700
1756829734608 0.3420473337173462 15750
1756829735705 0.2657117545604706 15800
1756829736766 0.26786619424819946 15850
1756829737858 0.2920333445072174 15900
1756829738963 0.2895309627056122 15950
1756829740063 0.22037376463413239 16000
1756829740470 0.22037376463413239 16000
1756829741511 0.23282819986343384 16050
1756829742572 0.2925407886505127 16100
1756829743666 0.26997625827789307 16150
1756829744726 0.24383068084716797 16200
1756829745814 0.3343416750431061 16250
1756829746921 0.24154405295848846 16300
1756829748025 0.26038479804992676 16350
1756829749109 0.2731980085372925 16400
1756829750191 0.26558101177215576 16450
1756829751286 0.3322998881340027 16500
1756829751699 0.3322998881340027 16500
1756829752779 0.36630678176879883 16550
1756829753862 0.2429504543542862 16600
1756829754978 0.32385653257369995 16650
1756829756124 0.3266482353210449 16700
1756829757275 0.28968656063079834 16750
1756829758373 0.3195377290248871 16800
1756829759497 0.30227985978126526 16850
1756829760636 0.2655028998851776 16900
1756829761732 0.3353949785232544 16950
1756829762794 0.2756383419036865 17000
1756829763170 0.2756383419036865 17000
