1756829380139 0.19921875 0
1756829381216 0.3828125 50
1756829382315 0.57421875 100
1756829383422 0.609375 150
1756829384528 0.6484375 200
1756829385598 0.67578125 250
1756829386781 0.65234375 300
1756829387872 0.6328125 350
1756829388989 0.6171875 400
1756829390086 0.7109375 450
1756829391212 0.74609375 500
1756829391671 0.74609375 500
1756829392784 0.703125 550
1756829393948 0.70703125 600
1756829395075 0.72265625 650
1756829396243 0.7265625 700
1756829397332 0.7109375 750
1756829398446 0.74609375 800
1756829399523 0.734375 850
1756829400615 0.7734375 900
1756829401733 0.7421875 950
1756829402820 0.75390625 1000
1756829403249 0.75390625 1000
1756829404320 0.80859375 1050
1756829405398 0.796875 1100
1756829406464 0.7421875 1150
1756829407540 0.828125 1200
1756829408643 0.76171875 1250
1756829409731 0.78125 1300
1756829410812 0.80078125 1350
1756829411917 0.7578125 1400
1756829413014 0.81640625 1450
1756829414101 0.80078125 1500
1756829414541 0.80078125 1500
1756829415669 0.82421875 1550
1756829416815 0.80859375 1600
1756829417917 0.82421875 1650
1756829419030 0.73828125 1700
1756829420113 0.7890625 1750
1756829421246 0.78515625 1800
1756829422361 0.78515625 1850
1756829423446 0.7890625 1900
1756829424511 0.8515625 1950
1756829425622 0.82421875 2000
1756829426043 0.82421875 2000
1756829427165 0.83984375 2050
1756829428240 0.82421875 2100
1756829429298 0.7890625 2150
1756829430396 0.7890625 2200
1756829431482 0.86328125 2250
1756829432576 0.83203125 2300
1756829433670 0.81640625 2350
1756829434693 0.875 2400
1756829435832 0.8359375 2450
1756829436898 0.828125 2500
1756829437360 0.828125 2500
1756829438421 0.8671875 2550
1756829439541 0.83203125 2600
1756829440684 0.8359375 2650
1756829441806 0.84375 2700
1756829442944 0.8671875 2750
1756829444005 0.82421875 2800
1756829445082 0.8984375 2850
1756829446160 0.859375 2900
1756829447284 0.83984375 2950
1756829448401 0.8828125 3000
1756829448847 0.8828125 3000
1756829449906 0.828125 3050
1756829451001 0.81640625 3100
1756829452109 0.875 3150
1756829453216 0.90625 3200
1756829454360 0.87109375 3250
1756829455453 0.8828125 3300
1756829456531 0.8671875 3350
1756829457640 0.8828125 3400
1756829458739 0.87890625 3450
1756829459847 0.890625 3500
1756829460288 0.890625 3500
1756829461382 0.8515625 3550
1756829462474 0.85546875 3600
1756829463569 0.85546875 3650
1756829464615 0.8671875 3700
1756829465684 0.85546875 3750
1756829466747 0.890625 3800
1756829467865 0.86328125 3850
1756829468992 0.8515625 3900
1756829470060 0.8828125 3950
1756829471129 0.8828125 4000
1756829471549 0.8828125 4000
1756829472646 0.86328125 4050
1756829473699 0.88671875 4100
1756829474803 0.88671875 4150
1756829475901 0.86328125 4200
1756829477013 0.86328125 4250
1756829478163 0.87890625 4300
1756829479292 0.890625 4350
1756829480365 0.89453125 4400
1756829481458 0.8984375 4450
1756829482582 0.90625 4500
1756829483033 0.90625 4500
1756829484110 0.859375 4550
1756829485227 0.875 4600
1756829486352 0.8828125 4650
1756829487427 0.875 4700
1756829488512 0.81640625 4750
1756829489582 0.91796875 4800
1756829490689 0.86328125 4850
1756829491820 0.875 4900
1756829492926 0.8671875 4950
1756829494051 0.8984375 5000
1756829494482 0.8984375 5000
1756829495563 0.85546875 5050
1756829496653 0.875 5100
1756829497739 0.8984375 5150
1756829498826 0.921875 5200
1756829499921 0.890625 5250
1756829500978 0.90625 5300
1756829502060 0.90234375 5350
1756829503124 0.91796875 5400
1756829504190 0.90625 5450
1756829505262 0.890625 5500
1756829505688 0.890625 5500
1756829506735 0.91015625 5550
1756829507814 0.89453125 5600
1756829508903 0.890625 5650
1756829510007 0.83984375 5700
1756829511111 0.921875 5750
1756829512174 0.890625 5800
1756829513289 0.88671875 5850
1756829514400 0.87109375 5900
1756829515497 0.91015625 5950
1756829516597 0.89453125 6000
1756829517041 0.89453125 6000
1756829518144 0.85546875 6050
1756829519212 0.88671875 6100
1756829520282 0.90234375 6150
1756829521353 0.91796875 6200
1756829522408 0.91796875 6250
1756829523461 0.86328125 6300
1756829524541 0.86328125 6350
1756829525631 0.90625 6400
1756829526707 0.8828125 6450
1756829527813 0.9140625 6500
1756829528210 0.9140625 6500
1756829529306 0.86328125 6550
1756829530424 0.91015625 6600
1756829531506 0.8984375 6650
1756829532537 0.86328125 6700
1756829533585 0.875 6750
1756829534674 0.9140625 6800
1756829535712 0.8984375 6850
1756829536742 0.88671875 6900
1756829537755 0.91015625 6950
1756829538806 0.85546875 7000
1756829539185 0.85546875 7000
1756829540261 0.87109375 7050
1756829541324 0.93359375 7100
1756829542367 0.875 7150
1756829543404 0.8671875 7200
1756829544444 0.90234375 7250
1756829545522 0.90625 7300
1756829546599 0.91796875 7350
1756829547675 0.88671875 7400
1756829548739 0.8828125 7450
1756829549804 0.87890625 7500
1756829550206 0.87890625 7500
1756829551321 0.89453125 7550
1756829552429 0.89453125 7600
1756829553520 0.921875 7650
1756829554604 0.8828125 7700
1756829555672 0.90625 7750
1756829556742 0.8671875 7800
1756829557824 0.89453125 7850
1756829558907 0.90234375 7900
1756829559991 0.90234375 7950
1756829561075 0.87109375 8000
1756829561495 0.87109375 8000
1756829562577 0.89453125 8050
1756829563657 0.90625 8100
1756829564779 0.89453125 8150
1756829565868 0.92578125 8200
1756829566957 0.89453125 8250
1756829568053 0.8828125 8300
1756829569183 0.8828125 8350
1756829570291 0.8828125 8400
1756829571379 0.9140625 8450
1756829572480 0.90625 8500
1756829572849 0.90625 8500
1756829573950 0.90625 8550
1756829575064 0.86328125 8600
1756829576182 0.90625 8650
1756829577252 0.91015625 8700
1756829578306 0.8828125 8750
1756829579433 0.890625 8800
1756829580505 0.90234375 8850
1756829581550 0.85546875 8900
1756829582603 0.8984375 8950
1756829583673 0.87890625 9000
1756829584106 0.87890625 9000
1756829585160 0.890625 9050
1756829586249 0.92578125 9100
1756829587328 0.8828125 9150
1756829588398 0.86328125 9200
1756829589463 0.88671875 9250
1756829590537 0.91015625 9300
1756829591598 0.89453125 9350
1756829592666 0.89453125 9400
1756829593730 0.9140625 9450
1756829594821 0.8828125 9500
1756829595211 0.8828125 9500
1756829596252 0.88671875 9550
1756829597303 0.90234375 9600
1756829598362 0.8984375 9650
1756829599433 0.8359375 9700
1756829600507 0.890625 9750
1756829601534 0.8515625 9800
1756829602595 0.88671875 9850
1756829603688 0.94140625 9900
1756829604741 0.8828125 9950
1756829605807 0.9296875 10000
1756829606192 0.9296875 10000
1756829607247 0.9375 10050
1756829608309 0.8984375 10100
1756829609362 0.8828125 10150
1756829610417 0.8984375 10200
1756829611492 0.90234375 10250
1756829612582 0.89453125 10300
1756829613673 0.92578125 10350
1756829614771 0.83203125 10400
1756829615841 0.91015625 10450
1756829616914 0.89453125 10500
1756829617316 0.89453125 10500
1756829618383 0.91015625 10550
1756829619469 0.90234375 10600
1756829620510 0.9140625 10650
1756829621560 0.8828125 10700
1756829622601 0.91796875 10750
1756829623676 0.89453125 10800
1756829624768 0.87890625 10850
1756829625858 0.90234375 10900
1756829626932 0.9296875 10950
1756829628013 0.9140625 11000
1756829628401 0.9140625 11000
1756829629447 0.91015625 11050
1756829630524 0.890625 11100
1756829631585 0.8671875 11150
1756829632663 0.91015625 11200
1756829633719 0.89453125 11250
1756829634799 0.94140625 11300
1756829635854 0.92578125 11350
1756829636888 0.91796875 11400
1756829637929 0.890625 11450
1756829638993 0.93359375 11500
1756829639385 0.93359375 11500
1756829640418 0.8828125 11550
1756829641509 0.88671875 11600
1756829642585 0.890625 11650
1756829643638 0.85546875 11700
1756829644706 0.9140625 11750
1756829645754 0.93359375 11800
1756829646811 0.890625 11850
1756829647858 0.9140625 11900
1756829648928 0.92578125 11950
1756829650039 0.859375 12000
1756829650403 0.859375 12000
1756829651422 0.93359375 12050
1756829652523 0.93359375 12100
1756829653655 0.90234375 12150
1756829654751 0.90234375 12200
1756829655846 0.91796875 12250
1756829656917 0.87890625 12300
1756829657972 0.875 12350
1756829659041 0.88671875 12400
1756829660133 0.92578125 12450
1756829661213 0.921875 12500
1756829661626 0.921875 12500
1756829662695 0.91796875 12550
1756829663767 0.90234375 12600
1756829664841 0.92578125 12650
1756829665914 0.92578125 12700
1756829666958 0.9296875 12750
1756829668037 0.890625 12800
1756829669083 0.8984375 12850
1756829670153 0.89453125 12900
1756829671206 0.8828125 12950
1756829672260 0.9140625 13000
1756829672660 0.9140625 13000
1756829673697 0.91015625 13050
1756829674753 0.90234375 13100
1756829675814 0.90234375 13150
1756829676913 0.90234375 13200
1756829678001 0.890625 13250
1756829679065 0.89453125 13300
1756829680146 0.91015625 13350
1756829681258 0.8828125 13400
1756829682351 0.92578125 13450
1756829683436 0.921875 13500
1756829683838 0.921875 13500
1756829684896 0.89453125 13550
1756829685971 0.90234375 13600
1756829687062 0.87890625 13650
1756829688144 0.9140625 13700
1756829689224 0.9296875 13750
1756829690323 0.8984375 13800
1756829691421 0.87109375 13850
1756829692496 0.88671875 13900
1756829693614 0.91015625 13950
1756829694703 0.91015625 14000
1756829695148 0.91015625 14000
1756829696239 0.89453125 14050
1756829697326 0.91015625 14100
1756829698392 0.90625 14150
1756829699491 0.91015625 14200
1756829700568 0.90234375 14250
1756829701659 0.90234375 14300
1756829702774 0.91796875 14350
1756829703866 0.91796875 14400
1756829704947 0.890625 14450
1756829706025 0.93359375 14500
1756829706457 0.93359375 14500
1756829707540 0.90234375 14550
1756829708641 0.90625 14600
1756829709696 0.9375 14650
1756829710794 0.91015625 14700
1756829711890 0.90234375 14750
1756829712990 0.9453125 14800
1756829714090 0.89453125 14850
1756829715177 0.8671875 14900
1756829716263 0.93359375 14950
1756829717354 0.89453125 15000
1756829717767 0.89453125 15000
1756829718931 0.86328125 15050
1756829720074 0.94140625 15100
1756829721214 0.90625 15150
1756829722321 0.8984375 15200
1756829723429 0.9296875 15250
1756829724532 0.91015625 15300
1756829725618 0.91015625 15350
1756829726665 0.9296875 15400
1756829727754 0.90234375 15450
1756829728842 0.91796875 15500
1756829729237 0.91796875 15500
1756829730324 0.9296875 15550
1756829731403 0.91796875 15600
1756829732471 0.90234375 15650
1756829733542 0.93359375 15700
1756829734610 0.89453125 15750
1756829735707 0.9140625 15800
1756829736768 0.92578125 15850
1756829737860 0.91015625 15900
1756829738965 0.90625 15950
1756829740064 0.9375 16000
1756829740471 0.9375 16000
1756829741512 0.921875 16050
1756829742573 0.90625 16100
1756829743668 0.9296875 16150
1756829744728 0.89453125 16200
1756829745816 0.87109375 16250
1756829746923 0.921875 16300
1756829748027 0.91015625 16350
1756829749111 0.8984375 16400
1756829750193 0.8984375 16450
1756829751288 0.87890625 16500
1756829751701 0.87890625 16500
1756829752781 0.8828125 16550
1756829753864 0.9140625 16600
1756829754980 0.88671875 16650
1756829756126 0.890625 16700
1756829757277 0.8828125 16750
1756829758375 0.890625 16800
1756829759498 0.91796875 16850
1756829760638 0.9140625 16900
1756829761734 0.88671875 16950
1756829762796 0.9140625 17000
1756829763171 0.9140625 17000
